Name	RA	DEC	V_sys (km/s)	z	w50 (km/s)	D_67 (Mpc)	D_70 (Mpc)	S_int (Jy km/s)	HI size (kpc)	HI size err	log D_HI	log D_HI err	log M_HI (70)	err (70)	log M_HI (67)	err (67)	Inclination	Morpho	RMS (mJy/beam)	Field
MGTH_J021711.2-042120	34.296873	-4.355446	16948	0.056366135	384.586336	261.2835819	251.737931	0.69961992	56.42075078	0.059168036	1.751438861	0.014688056	9.971305829	0.002757381	10.00363275	0.002757381	TRUE	S	0.09568968	XMMLSS12_1330_1380
MGTH_J021609.9-051858	34.041089	-5.316018	16898	0.056366135	185.127455	261.2835819	251.737931	3.093284986	121.8379855	0.059168036	2.08578271	0.012333611	10.6168636	0.000916056	10.64919052	0.000916056	TRUE	S	0.140555631	XMMLSS12_1330_1380
MGTH_J021708.4-041349	34.285069	-4.230153	16898	0.056366135	161.26899	261.2835819	251.737931	1.778128521	89.3135627	0.059168036	1.950917414	0.013186223	10.37640681	0.00156292	10.40873374	0.00156292	TRUE	S	0.137849759	XMMLSS12_1330_1380
MGTH_J021702.2-044454	34.258989	-4.748429	16886	0.056201964	254.327277	260.492525	250.9753137	0.286225511	35.56156879	0.058993339	1.550980912	0.016537456	9.580651695	0.004059887	9.612980214	0.004059887	TRUE	S	0.057648571	XMMLSS12_1330_1380
MGTH_J021702.7-051940	34.261072	-5.327789	16088	0.053582157	140.859556	247.89224	238.8283894	1.185416141	55.89674743	0.056248911	1.747386538	0.013995786	10.15688121	0.002124532	10.18923517	0.002124532	TRUE	SM	0.12521715	XMMLSS12_1330_1380
MGTH_J021649.7-044852	34.20700	-4.814372	13418	0.044675625	90.745787	205.3841717	197.8548484	0.080494153	14.41870408	0.047395842	1.158926229	0.017781018	8.832670089	0.014591835	8.865110637	0.014591835	TRUE	D	0.058848831	XMMLSS12_1330_1380
MGTH_J021742.5-050425	34.427052	-5.073718	13393	0.04435456	131.800526	203.8613667	196.3871627	0.45673344	38.59071199	0.0470818	1.586482791	0.012902975	9.580368353	0.002582544	9.612812024	0.002582544	TRUE	S	0.059114763	XMMLSS12_1330_1380
MGTH_J021822.2-050614	34.592315	-5.103939	13345	0.04435456	179.094364	203.8613667	196.3871627	0.261555075	30.31419072	0.0470818	1.481645979	0.013815951	9.338268693	0.005236561	9.370712364	0.005236561	TRUE	S	0.068642766	XMMLSS12_1330_1380
MGTH_J021847.0-045555	34.695855	-4.931915	13297	0.04435456	60.80745	203.8613667	196.3871627	0.101116886	18.53280691	0.0470818	1.267941201	0.016144556	8.925529228	0.012608704	8.957972899	0.012608704	TRUE	S	0.063896876	XMMLSS12_1330_1380
MGTH_J021744.6-050322	34.436039	-5.056013	13153	0.043873332	87.093679	201.5801609	194.1885465	0.269502075	31.8938416	0.046651551	1.503706833	0.013488855	9.341889017	0.004283148	9.37433737	0.004283148	TRUE	S	0.057875346	XMMLSS12_1330_1380
MGTH_J021729.0-050827	34.370664	-5.140736	13105	0.04355276	101.840132	200.0613557	192.7247413	0.790182666	49.6794142	0.046328062	1.696176466	0.011875318	9.802748905	0.001740754	9.835200378	0.001740754	TRUE	S	0.068985076	XMMLSS12_1330_1380
MGTH_J021544.5-045540	33.935225	-4.92766	13069	0.04355276	225.531848	200.0613557	192.7247413	1.741757239	65.27852358	0.046328062	1.814770323	0.011099275	10.00630856	0.001127894	10.1784605	0.001127894	TRUE	SM	0.09852498	XMMLSS12_1330_1380
MGTH_J021542.4-045436	33.926655	-4.910034	12865	0.04275219	456.492941	196.271324	189.0720013	0.497022046	40.65202578	0.04557241	1.609082192	0.012313909	9.58544316	0.004317763	9.617902422	0.004317763	TRUE	SM	0.107703546	XMMLSS12_1330_1380
MGTH_J021632.8-041357	34.13669	-4.232503	13117	0.04355276	95.068927	200.0613557	192.7247413	0.215500646	23.04404845	0.046328062	1.36255878	0.014782948	9.238469984	0.016169085	9.270921456	0.016169085	TRUE	S	0.174752901	XMMLSS12_1330_1380
MGTH_J021541.6-051317	33.923184	-5.221326	12913	0.042912205	90.115346	197.0285334	189.8017761	0.724033045	47.1189077	0.045722186	1.673195214	0.011880987	9.752038718	0.004429153	9.784496423	0.004429153	TRUE	S	0.160921318	XMMLSS12_1330_1380
MGTH_J021810.7-043224	34.544602	-4.539994	12901	0.042912205	51.685338	197.0285334	189.8017761	0.074549188	9.825477681	0.045722186	0.992353673	0.020032385	8.76472325	0.018024344	8.797180954	0.018024344	TRUE	D	0.067427468	XMMLSS12_1330_1380
MGTH_J021647.2-044544	34.196702	-4.762277	12841	0.04275219	98.163036	196.271324	189.0720013	0.135132548	16.11459463	0.04557241	1.207219385	0.016413	9.019827472	0.00896785	9.052286734	0.00896785	TRUE	S	0.060819637	XMMLSS12_1330_1380
MGTH_J021642.0-044221	34.17513	-4.705771	12853	0.04275219	64.537382	196.271324	189.0720013	0.597075732	33.47574681	0.04557241	1.524730274	0.012995145	9.665096927	0.00212744	9.697556189	0.00212744	TRUE	S	0.063750308	XMMLSS12_1330_1380
MGTH_J021625.5-044228	34.106412	-4.707871	12841	0.04275219	86.773985	196.271324	189.0720013	0.073661079	15.47130707	0.04557241	1.189527006	0.016657118	8.756305584	0.019031989	8.788764846	0.019031989	TRUE	D	0.070358697	XMMLSS12_1330_1380
MGTH_J021831.4-054452	34.63064	-5.74789	12769	0.042592223	274.016499	195.5145126	188.3426126	2.935326361	57.18389134	0.045421745	1.757273706	0.011238195	10.3534999	0.005158173	10.38596072	0.005158173	TRUE	SM	0.759991708	XMMLSS12_1330_1380
MGTH_J021932.7-041447	34.886371	-4.246454	12841	0.042591458	241.329591	195.5108925	188.3391236	0.761283856	45.19724864	0.045421046	1.655111998	0.011931688	9.767374672	0.006564489	9.799835498	0.006564489	TRUE	SM	0.250844222	XMMLSS12_1330_1380
MGTH_J021744.9-041158	34.437157	-4.199451	12769	0.042592223	199.452428	195.5145126	188.3426126	1.40851491	54.86586295	0.045421745	1.739302214	0.011354315	10.03460495	0.002075284	10.06706577	0.002075284	TRUE	S	0.146722127	XMMLSS12_1330_1380
MGTH_J021712.1-044225	34.300484	-4.707072	12745	0.042432305	65.740748	194.7580991	187.6136098	0.089528247	15.54714921	0.045274093	1.191650767	0.016518588	8.834568324	0.01248133	8.867030699	0.01248133	TRUE	D	0.056096867	XMMLSS12_1330_1380
MGTH_J021750.4-044940	34.459872	-4.827862	12745	0.042432305	141.673635	194.7580991	187.6136098	0.174556728	26.65694036	0.045274093	1.4258103	0.013805756	9.124544836	0.005932541	9.15700721	0.005932541	TRUE	Irr	0.051987027	XMMLSS12_1330_1380
MGTH_J021824.1-052754	34.600597	-5.46498	12745	0.042432305	222.07368	194.7580991	187.6136098	1.047875636	51.43810477	0.045274093	1.711284959	0.011502695	9.902917984	0.00338107	9.935380359	0.00338107	TRUE	S	0.177861347	XMMLSS12_1330_1380
MGTH_J021815.4-041558	34.564123	-4.266186	12661	0.042112617	261.456948	193.2464644	186.1567611	2.231500157	68.20134112	0.04497691	1.833792915	0.010663788	10.20239921	0.00115456	10.25716601	0.00115456	TRUE	S	0.129375851	XMMLSS12_1330_1380
MGTH_J021816.4-041706	34.568246	-4.285076	12649	0.042112617	44	193.2464644	186.1567611	0.111696683	15.94267844	0.04497691	1.202561287	0.016261274	8.924143883	0.020684848	8.956609369	0.020684848	TRUE	D	0.116019892	XMMLSS12_1330_1380
MGTH_J021532.8-044607	33.886873	-4.76852	12649	0.042112617	290.636214	193.2464644	186.1567611	1.926869491	68.38371278	0.04497691	1.834952676	0.010657048	10.16095591	0.001129541	10.19342139	0.001129541	TRUE	S	0.109293446	XMMLSS12_1330_1380
MGTH_J021645.3-044704	34.188663	-4.784566	12601	0.041953611	51.816763	192.4948555	185.4323963	0.075984304	13.77178705	0.044828871	1.138990299	0.017112361	8.753573628	0.015679952	8.786040661	0.015679952	FALSE	D	0.059836969	XMMLSS12_1330_1380
MGTH_J021827.2-041219	34.613517	-4.205383	12493	0.041633453	196.762953	190.9819902	183.9743768	1.147725558	50.60096595	0.044529808	1.704158807	0.011360905	9.926098182	0.002782174	9.95856833	0.002782174	TRUE	S	0.160415217	XMMLSS12_1330_1380
MGTH_J021711.8-042441	34.299247	-4.411298	11408	0.037975204	135.899515	173.7426647	167.3607438	0.269569344	28.06462294	0.041220715	1.448159212	0.012375746	9.217779025	0.006140994	9.250284786	0.006140994	TRUE	Irr	0.08343368	XMMLSS12_1330_1380
MGTH_J021824.8-042850	34.603315	-4.480676	11313	0.037658243	44	172.2530991	165.9253034	0.04442424	10.11373508	0.04094887	1.004911573	0.017716839	8.427511848	0.03481315	8.460020696	0.03481315	TRUE	D	0.077968355	XMMLSS12_1330_1380
MGTH_J021724.3-043322	34.351291	-4.556091	10236	0.03407524	48.552164	155.4602235	149.7433051	0.054248566	8.756772303	0.037977831	0.942344057	0.017522369	8.428154098	0.023550784	8.460697844	0.023550784	TRUE	D	0.064619552	XMMLSS12_1330_1380
MGTH_J021729.9-041656	34.374608	-4.28213	10189	0.033869761	87.54713	154.4997214	148.8177817	0.150345367	15.83511066	0.037822072	1.199621103	0.013707977	8.865643324	0.014701475	8.898189072	0.014701475	TRUE	S	0.111810588	XMMLSS12_1330_1380
MGTH_J021748.5-044410	34.451997	-4.736234	11254	0.037499836	52.784393	171.5089026	165.2081518	0.063123233	37.51762719	0.040815235	1.574235364	0.011272618	8.576451393	0.016537838	8.608961784	0.016537838	FALSE	D	0.052636186	XMMLSS12_1330_1380
MGTH_J021742.0-041520	34.424863	-4.255457	10048	0.033555302	199.671717	153.0303368	147.4019158	0.96595218	47.32355822	0.037549182	1.675077391	0.009746255	9.66546973	0.002501458	9.698018542	0.002501458	TRUE	S	0.122265591	XMMLSS12_1330_1380
MGTH_J021759.3-041634	34.497196	-4.276041	10001	0.033398145	98.887384	152.296222	146.694543	0.901373247	39.37611614	0.03741306	1.595232877	0.010196974	9.631372512	0.002507325	9.663922855	0.002507325	TRUE	S	0.114375338	XMMLSS12_1330_1380
MGTH_J021743.8-051752	34.432584	-5.297716	9648	0.031985875	130.983375	145.7064777	140.3449557	0.488161537	25.5446135	0.036197919	1.407299336	0.011183282	9.327784954	0.003857993	9.360349058	0.003857993	TRUE	Irr	0.095412441	XMMLSS12_1330_1380
MGTH_J021814.0-044944	34.558499	-4.828902	9566	0.031829194	163.135284	144.9762008	139.6413051	0.487742149	28.77195786	0.036064034	1.458969416	0.010747323	9.323177749	0.002228451	9.35574338	0.002228451	TRUE	S	0.055068644	XMMLSS12_1330_1380
MGTH_J021529.1-051859	33.871086	-5.316251	7884	0.026220944	157.395241	118.9427637	114.5586468	0.738145506	28.82975829	0.031055299	1.459841001	0.009249161	9.335891268	0.006384891	9.368511569	0.006384891	TRUE	S	0.240100471	XMMLSS12_1330_1380
MGTH_J021702.2-050351	34.259169	-5.064251	7803	0.026066009	129.705473	118.2264956	113.8685816	1.028550394	30.57938221	0.030932564	1.485428707	0.009053912	9.386237009	0.001210718	9.507479893	0.001210718	TRUE	S	0.063444942	XMMLSS12_1330_1380
MGTH_J021659.0-050352	34.245846	-5.064522	7768	0.025756279	96.170334	116.795083	112.4895408	0.194420591	15.50872059	0.030687993	1.190575972	0.011206849	8.741053465	0.008162631	8.773678297	0.008162631	TRUE	D	0.080877075	XMMLSS12_1330_1380
MGTH_J021808.2-045217	34.534123	-4.871398	7745	0.025756279	64.730427	116.795083	112.4895408	0.052344364	6.179741234	0.030687993	0.79097029	0.016868656	8.171181132	0.019513283	8.203805964	0.019513283	TRUE	D	0.052053902	XMMLSS12_1330_1380
MGTH_J022002.8-042547	35.011522	-4.429787	5373	0.01792013	132.832387	80.79172132	77.80656132	0.448495133	15.27288707	0.024634904	1.183921141	0.00904691	8.790538058	0.008891366	8.823239336	0.008891366	TRUE	S	0.204722524	XMMLSS12_1330_1380
MGTH_J021719.4-052851	34.330642	-5.480772	5373	0.01776915	239.520369	80.1020418	77.1422338	14.93064962	75.09517022	0.024530689	1.875612006	0.00568642	10.28727742	0.000233087	10.3382426	0.000233087	TRUE	S	0.178689363	XMMLSS12_1330_1380
MGTH_J021714.5-052922	34.310259	-5.489346	5236	0.017464408	241.706345	78.71044168	75.80179439	0.636383534	18.86627063	0.024294164	1.27568606	0.00828	8.920214741	0.007130108	8.952920467	0.007130108	TRUE	D	0.233046573	XMMLSS12_1330_1380
MGTH_J021836.3-043236	34.651117	-4.543458	3962	0.013217101	93.122056	59.37968323	57.18265074	2.28663334	25.34659331	0.021587323	1.403919597	0.00668542	9.234495362	0.000616416	9.267242548	0.000616416	TRUE	S	0.072687483	XMMLSS12_1330_1380
MGTH_J021911.4-052640	34.797416	-5.444369	3172	0.010505364	44	47.10089604	45.35679273	0.141743685	3.061082663	0.02013621	0.485875058	0.018018776	7.827886432	0.02871423	7.860660096	0.02871423	TRUE	D	0.210439089	XMMLSS12_1330_1380
MGTH_J022128.8-042448	35.369807	-4.413428	2341	0.007807389	178.215884	34.93342587	33.63885245	9.585570233	24.4894732	0.019055617	1.388979443	0.005964848	9.400720507	0.004989995	9.43352052	0.004989995	TRUE	S	2.479609144	XMMLSS12_1330_1380
MGTH_J021740.2-051805	34.41734	-5.301361	9636	0.031985875	63.116733	145.7064777	140.3449557	0.040265524	7.634406119	0.036197919	0.882775259	0.017828123	8.244154753	0.049571627	8.276718857	0.049571627	TRUE	D	0.101122219	XMMLSS12_1330_1380
MGTH_J021908.8-042603	34.786738	-4.434197	15672	0.052114999	113.294293	240.8549205	232.0445721	0.174585065	14.03300531	0.054744743	1.14715069	0.020748854	9.301198779	0.014600788	9.333566997	0.014600788	TRUE	D	0.126898422	XMMLSS12_1330_1380
MGTH_J021645.4-042035	34.189373	-4.342978	25052	0.083651342	112.723263	395.1193736	380.8000392	0.281143518	54.5690251	0.090047241	1.736946195	0.022540119	9.912718183	0.007607752	9.944780864	0.007607752	TRUE	S	0.103897187	XMMLSS12_1310
MGTH_J021651.5-043714	34.21442	-4.620475	20911	0.06966319	293.473137	325.9230511	314.0625068	0.527204068	92.42232834	0.074545609	1.965776905	0.016487697	10.02969212	0.002475849	10.06189009	0.002475849	FALSE	S	0.063994413	XMMLSS12_1310
MGTH_J021534.4-042904	33.893491	-4.484564	24587	0.082098481	68.952855	387.3777381	373.3325181	0.128980033	40.68301943	0.088373856	1.609413178	0.023874177	9.558355834	0.023731378	9.590433513	0.023731378	TRUE	S	0.148774051	XMMLSS12_1310
MGTH_J021639.9-044747	34.16611	-4.796436	20860	0.069502108	137.304672	325.1333284	313.3009598	1.060266795	100.1837106	0.074377942	2.000797113	0.016162676	10.33115061	0.001204721	10.36335014	0.001204721	TRUE	S	0.062628267	XMMLSS12_1310
MGTH_J021600.4-044414	34.001486	-4.73721	20822	0.069341075	275.155525	324.3440062	312.5398017	0.576396316	55.08882379	0.074210385	1.7410635	0.018531998	10.06447465	0.002844307	10.09667574	0.002844307	TRUE	SM	0.080388873	XMMLSS12_1310
MGTH_J021848.1-045028	34.700433	-4.841058	25143	0.083865509	67.423974	396.1882498	381.831088	0.179292887	46.40593261	0.090278399	1.666573505	0.023552203	9.719530122	0.007248932	9.751590735	0.007248932	TRUE	S	0.063128771	XMMLSS12_1310
MGTH_J022016.8-042546	35.069941	-4.429369	20696	0.068824486	88.095844	321.8129865	310.0991095	0.50783148	68.81983612	0.073673279	1.837713634	0.017430278	10.00308315	0.00903038	10.03528925	0.00903038	TRUE	SM	0.22491196	XMMLSS12_1310
MGTH_J021931.5-042703	34.881303	-4.450866	20747	0.069329	64.32991	324.2848232	312.4827305	0.131703877	33.35001239	0.074197823	1.523096	0.021180492	9.423203197	0.019502399	9.455404403	0.019502399	TRUE	S	0.12594613	XMMLSS12_1310
MGTH_J021748.5-043241	34.452069	-4.544841	20709	0.069019154	231.099554	322.7665629	311.0186514	0.875018002	78.62252861	0.073875605	1.895547007	0.016944886	10.24179417	0.001438885	10.27399838	0.001438885	TRUE	S	0.061744797	XMMLSS12_1310
MGTH_J022113.4-043551	35.306002	-4.597368	24651	0.082097657	181.70527	387.3736322	373.3285577	0.158781831	48.15364845	0.087163123	1.682629198	0.022522496	9.648625603	0.012715234	9.68070329	0.012715234	TRUE	ET	0.098131137	XMMLSS13_1310
MGTH_J022108.8-043907	35.286748	-4.652048	24316	0.081064887	329.599695	382.2331256	368.3701996	0.245917912	52.35905503	0.086068026	1.7189918	0.021769086	9.827830904	0.007372386	9.859918568	0.007372386	TRUE	S	0.088156634	XMMLSS13_1310
MGTH_J022146.5-043621	35.44379	-4.605946	22763	0.075760163	327.709558	355.9336526	343.0043088	0.917200531	94.42518763	0.078542911	1.975087856	0.01728991	10.34180782	0.002205101	10.37394677	0.002205101	TRUE	S	0.098742831	XMMLSS13_1310
MGTH_J022054.9-042201	35.228724	-4.366962	22114	0.073720672	146.211299	345.868978	333.2976627	0.270435375	53.11866369	0.076580642	1.725247141	0.019299224	9.788120694	0.009141993	9.820279378	0.009141993	TRUE	S	0.120899033	XMMLSS13_1310
MGTH_J022148.3-044833	35.451399	-4.809249	21847	0.072873164	207.148307	341.6942555	329.2715695	0.232582229	47.02639561	0.075885742	1.672341693	0.019729103	9.712763516	0.008413425	9.744930404	0.008413425	TRUE	S	0.095755182	XMMLSS13_1310
MGTH_J022056.3-042806	35.234511	-4.468362	20835	0.069497277	68.070254	325.1096429	313.2781194	0.151024093	31.73532227	0.072804544	1.501542913	0.021081082	9.484722282	0.015623004	9.516921858	0.015623004	TRUE	S	0.115685626	XMMLSS13_1310
MGTH_J022028.9-042514	35.120451	-4.420579	20936	0.069665607	102.010154	325.9349	314.073933	0.22769848	42.73495172	0.07297606	1.630783218	0.019456125	9.665103139	0.01043173	9.697301084	0.01043173	TRUE	S	0.116454306	XMMLSS13_1310
MGTH_J022135.9-042519	35.399549	-4.421883	20734	0.069160775	180.974953	323.4604408	311.6877661	1.030561868	71.9578148	0.072461867	1.857077966	0.016964909	10.31460283	0.004879023	10.34680567	0.004879023	TRUE	S	0.246566849	XMMLSS13_1310
MGTH_J022229.7-045314	35.623553	-4.887167	24174	0.080375825	310.063856	378.8070616	365.0655944	0.420706472	64.05278039	0.085279747	1.806537986	0.020524424	10.05374657	0.005689746	10.0858409	0.005689746	TRUE	S	0.116440473	XMMLSS13_1310
MGTH_J022045.0-050058	35.187403	-5.016189	24780	0.082614782	-99	389.9500495	375.8137226	0.072862047	25.55780339	0.087712238	1.407523525	0.027094222	9.315674018	0.028519503	9.34774671	0.028519503	TRUE	D	0.100980501	XMMLSS13_1310
MGTH_J022230.9-040742	35.628928	-4.128441	21315	0.071013349	45.954898	332.5487701	320.4519358	0.209513802	42.58703218	0.074351611	1.629277376	0.019841181	9.645323955	0.054673131	9.677508849	0.054673131	TRUE	S	0.561292756	XMMLSS13_1310
MGTH_J021934.4-042846	34.893161	-4.479507	20847	0.069497277	94.146537	325.1096429	313.2781194	0.23619999	31.10007368	0.072804544	1.492761418	0.021205096	9.678955922	0.011844299	9.711155497	0.011844299	TRUE	SM	0.137169592	XMMLSS13_1310
MGTH_J022146.8-050750	35.445109	-5.130516	22165	0.073720672	184.065725	345.868978	333.2976627	0.319183117	52.804225	0.076580642	1.722668673	0.019328111	9.860097105	0.008557985	9.89225579	0.008557985	TRUE	Irr	0.133576449	XMMLSS13_1310
MGTH_J022154.1-044023	35.475513	-4.672937	24445	0.081408925	505.982551	383.944804	370.0212145	0.455991209	63.91653899	0.086432594	1.80561325	0.020812535	10.09960511	0.004743157	10.13168945	0.004743157	TRUE	S	0.105153164	XMMLSS13_1310
MGTH_J022106.1-045401	35.275543	-4.900304	24548	0.081753181	300.653212	385.6583055	371.6739998	0.142093977	41.79070141	0.086797627	1.62107966	0.023279608	9.596818955	0.014813298	9.62889997	0.014813298	FALSE	ET	0.102321631	XMMLSS13_1310
MGTH_J022108.8-052326	35.286727	-5.390599	24651	0.082271626	100.924088	388.2401968	374.1644271	0.263173318	67.26043913	0.087347796	1.827759698	0.020778061	9.869869587	0.01969904	9.901945593	0.01969904	TRUE	D	0.251964538	XMMLSS13_1310
MGTH_J022302.5-043637	35.760600	-4.610338	24045	0.080205751	67.319194	377.9618918	364.2503943	0.126826613	39.41439975	0.085062444	1.595654917	0.023177738	9.531172772	0.027905496	9.563268739	0.027905496	TRUE	ET	0.172183061	XMMLSS13_1310
MGTH_J022145.5-050210	35.439628	-5.036074	22088	0.073551875	143.103648	345.0371449	332.4954389	0.172964232	33.44465106	0.076444398	1.524326669	0.021804181	9.592056904	0.014987859	9.624217223	0.014987859	TRUE	D	0.126786563	XMMLSS13_1310
MGTH_J022123.0-040259	35.345706	-4.049753	15697	0.052276342	138.860339	241.6281396	232.7899274	0.932866277	64.20550498	0.05356609	1.807572266	0.012884467	10.03166344	0.008440471	10.06403009	0.008440471	TRUE	S	0.391920931	XMMLSS13_1330
MGTH_J021902.3-042646	34.759568	-4.44611	12397	0.041314254	177.586421	189.4743233	182.5213771	0.523063217	37.57450555	0.043126115	1.574893274	0.011905877	9.578193313	0.006348025	9.610666569	0.006348025	TRUE	S	0.166854634	XMMLSS13_1330
MGTH_J022144.2-044231	35.434007	-4.708603	16664	0.055545007	66.633396	257.3286947	247.9252544	0.243671803	35.37578529	0.056896552	1.548706089	0.015973096	9.500668586	0.008049234	9.533003485	0.008049234	TRUE	SM	0.09735686	XMMLSS13_1330
MGTH_J022105.4-042951	35.272616	-4.497611	12302	0.040994489	227.802632	187.964639	181.0664434	0.544030017	38.90491211	0.042836492	1.590004438	0.011713528	9.588577231	0.003407734	9.621053598	0.003407734	TRUE	S	0.093187233	XMMLSS13_1330
MGTH_J022340.4-050045	35.918125	-5.012551	13393	0.04467332	125.894811	205.3732368	197.8443092	0.932007597	50.38641876	0.046211501	1.702313492	0.011802736	9.896280857	0.008737749	9.928721427	0.008737749	TRUE	S	0.408021044	XMMLSS13_1330
MGTH_J022404.1-044812	36.017194	-4.803471	13105	0.04355046	150.715964	200.0504609	192.7142411	4.105304192	106.1329855	0.045168704	2.025850381	0.009693987	10.51832134	0.003484343	10.55077283	0.003484343	TRUE	S	0.717392137	XMMLSS13_1330
MGTH_J022248.8-045308	35.703326	-4.885567	11194	0.037180893	202.072023	170.0110127	163.7647046	1.44554028	46.41709688	0.039571012	1.666677974	0.010322803	9.928937081	0.002244153	9.961450577	0.002244153	TRUE	Irr	0.163614585	XMMLSS13_1330
MGTH_J022049.9-044928	35.207781	-4.824553	16677	0.055545007	nan	257.3286947	247.9252544	0.256819309	39.10821303	0.056896552	1.592267972	0.015536098	9.523490982	0.006086029	9.555825881	0.006086029	TRUE	ET	0.077583328	XMMLSS13_1330
MGTH_J022051.9-045832	35.216175	-4.97547	13153	0.043872565	218.026447	201.5765255	194.1850427	0.065639795	15.06213853	0.045466449	1.177886638	0.016782618	8.728479085	0.025343015	8.760927445	0.025343015	TRUE	D	0.083405335	XMMLSS13_1330
MGTH_J022051.5-045703	35.214447	-4.95097	13189	0.043872565	254.177063	201.5765255	194.1850427	3.478587481	109.9901994	0.045466449	2.04135399	0.009683779	10.4527148	0.00051698	10.48516316	0.00051698	TRUE	SM	0.090166508	XMMLSS13_1330
MGTH_J022117.8-045040	35.324328	-4.844534	13093	0.043551993	70.664004	200.0577241	192.7212412	0.152174732	22.95204676	0.045170078	1.36082142	0.014431845	9.087348817	0.014691195	9.119800296	0.014691195	TRUE	SM	0.112121778	XMMLSS13_1330
MGTH_J021947.7-045130	34.948862	-4.858296	13105	0.043712254	234.273873	200.8169251	193.4529482	0.817603883	49.44395106	0.04531845	1.694113168	0.011630671	9.820707372	0.002268649	9.853157292	0.002268649	TRUE	S	0.093012107	XMMLSS13_1330
MGTH_J022026.3-045912	35.109755	-4.986555	12805	0.042591458	87.355576	195.5108925	188.3391236	0.124318289	18.30567637	0.044290375	1.26258578	0.015251783	8.980363078	0.015315035	9.012823904	0.015315035	TRUE	SM	0.095567352	XMMLSS13_1330
MGTH_J021953.8-045710	34.974201	-4.952791	10130	0.033711755	154.683041	153.7613212	148.1062747	0.150645095	14.13776737	0.036730449	1.150380831	0.013882151	8.862478288	0.011475162	8.895025575	0.011475162	TRUE	S	0.087459594	XMMLSS13_1330
MGTH_J022021.4-045803	35.089326	-4.967381	10142	0.033397393	358.192754	152.2927104	146.6911593	0.702473285	31.88631246	0.036464892	1.503604298	0.010544198	9.523078258	0.002381477	9.555628608	0.002381477	TRUE	S	0.084662926	XMMLSS13_1330
MGTH_J022014.4-052345	35.060001	-5.39574	15197	0.050649589	103.113354	233.8397526	225.2823218	0.531287913	51.70511065	0.051953172	1.713533472	0.013182314	9.760043659	0.00864905	9.792426118	0.00864905	TRUE	S	0.229042093	XMMLSS13_1330
MGTH_J022033.0-052605	35.137294	-5.434741	12433	0.041313491	245.013165	189.4707183	182.5179029	1.266309098	56.80427243	0.04312544	1.754381002	0.010687639	9.962162963	0.005008524	9.994636226	0.005008524	TRUE	S	0.318709482	XMMLSS13_1330
MGTH_J022049.8-052913	35.207553	-5.486954	10059	0.033240283	225.411839	151.5589823	145.9841616	0.950761832	45.27848977	0.036332431	1.655891933	0.009539698	9.650455845	0.008358258	9.683007726	0.008358258	TRUE	SM	0.402222374	XMMLSS13_1330
MGTH_J022128.9-044232	35.370416	-4.708947	12793	0.042591458	101.671968	195.5108925	188.3391236	0.143019529	21.86254228	0.044290375	1.339700662	0.014373871	9.041223395	0.014881681	9.073684221	0.014881681	TRUE	SM	0.106832619	XMMLSS13_1330
MGTH_J022200.8-045226	35.503138	-4.873907	11206	0.037339961	73.631694	170.7579807	164.4845219	0.093189718	11.22617006	0.039701771	1.050231617	0.016436031	8.741951139	0.021193998	8.774463086	0.021193998	TRUE	SM	0.099599863	XMMLSS13_1330
MGTH_J022003.4-044850	35.013968	-4.813801	13237	0.044032925	63.317632	202.3365256	194.9175249	0.111767199	14.50650449	0.045616247	1.161562777	0.017074541	8.962763039	0.015413169	8.995209839	0.015413169	TRUE	D	0.086360205	XMMLSS13_1330
MGTH_J021818.0-043234	34.574803	-4.542664	12865	0.042912205	86.224614	197.0285334	189.8017761	0.33046642	28.15676754	0.044583159	1.449582795	0.013372111	9.411407666	0.01404556	9.44386537	0.01404556	TRUE	D	0.232916796	XMMLSS13_1330
MGTH_J022002.1-041438	35.008657	-4.243852	12697	0.042271672	69.212833	193.9984667	186.8815075	0.128043809	17.94257384	0.043998247	1.253884742	0.015256324	8.986704659	0.028661001	9.019168597	0.028661001	TRUE	D	0.184258975	XMMLSS13_1330
MGTH_J022033.6-045846	35.139963	-4.979395	12709	0.04243154	90.114359	194.7544808	187.6101227	0.126906202	15.56105443	0.044144207	1.192039022	0.016101095	8.986075582	0.015690906	9.018537964	0.015690906	TRUE	ET	0.099965119	XMMLSS13_1330
MGTH_J022028.5-053705	35.118694	-5.618062	13550	0.045161439	213.440575	207.6896396	200.076887	0.243377225	28.78348805	0.046669027	1.459143422	0.013906023	9.322482308	0.044999116	9.35491813	0.044999116	TRUE	S	0.548484999	XMMLSS13_1330
MGTH_J022110.7-050630	35.29468	-5.108296	12421	0.041315018	66.674892	189.4779282	182.5248513	0.046962873	8.367840174	0.043126791	0.922613377	0.020323549	8.531409689	0.051177141	8.563882937	0.051177141	TRUE	D	0.12077475	XMMLSS13_1330
MGTH_J022115.4-041355	35.313977	-4.231807	10118	0.033714012	91.946797	153.771867	148.1164364	0.167154675	17.61289872	0.036732358	1.245830838	0.012819229	8.907699516	0.022068302	8.940246782	0.022068302	TRUE	S	0.186629835	XMMLSS13_1330
MGTH_J022329.6-050339	35.873464	-5.060776	19703	0.065642654	44	306.2606538	295.1024004	0.04553482	20.46494841	0.068661608	1.311010654	0.022770885	8.915241208	0.135360672	8.947478135	0.135360672	TRUE	ET	0.303530571	XMMLSS13_1330
MGTH_J022011.5-051047	35.047754	-5.179725	15599	0.05194981	62.284501	240.063443	231.281619	0.126692144	19.89710772	0.053241092	1.298789951	0.017822975	9.159217172	0.019724797	9.191586995	0.019724797	TRUE	D	0.124421503	XMMLSS13_1330
MGTH_J022111.7-040445	35.298845	-4.079096	6117	0.02036538	47.599878	91.98275256	88.58653053	3.981170306	48.95786521	0.02574871	1.689822472	0.00662501	9.849409998	0.001621201	9.882087415	0.001621201	TRUE	S	0.330585931	XMMLSS13_1380
MGTH_J022029.4-041207	35.122559	-4.201822	6128	0.02036538	133.813333	91.98275256	88.58653053	0.523300884	19.14439091	0.02574871	1.282041554	0.008732237	8.96815071	0.006882891	9.000828127	0.006882891	TRUE	S	0.184484217	XMMLSS13_1380
MGTH_J022147.9-044614	35.449542	-4.770563	6071	0.020138936	89.086882	90.94472891	87.58661039	0.265255866	12.44192691	0.025573202	1.094887646	0.010155182	8.663397073	0.006454247	8.6960767	0.006454247	TRUE	S	0.087708427	XMMLSS13_1380
MGTH_J022313.2-043102	35.805154	-4.517088	5281	0.017462221	180.374712	78.70045936	75.7921791	5.501691647	40.04885892	0.023659597	1.602590147	0.006418847	9.856883734	0.001102177	9.889589481	0.001102177	TRUE	S	0.311440597	XMMLSS13_1380
MGTH_J022350.6-043703	35.960827	-4.617515	2285	0.007507153	105.542102	33.58243536	32.33781818	26.10123622	42.80222662	0.018483492	1.631466362	0.004925815	9.801761516	0.000615782	9.834564462	0.000615782	TRUE	S	0.833451514	XMMLSS13_1380
MGTH_J022138.1-052631	35.408581	-5.442009	2094	0.006911501	46.0432	30.90393694	29.75838973	1.284043268	8.631327799	0.018303047	0.93607761	0.008501268	8.421991196	0.004538257	8.45479996	0.004538257	TRUE	S	0.302353134	XMMLSS13_1380
MGTH_J022042.1-052115	35.175456	-5.354206	2217	0.007359246	49.195241	32.91710941	31.69709752	0.18129501	4.512568111	0.018436932	0.65442377	0.012249031	7.626231375	0.019159303	7.659035765	0.019159303	TRUE	D	0.180144461	XMMLSS13_1380
MGTH_J022136.5-053117	35.401918	-5.521255	2318	0.007657964	270.783753	34.26097072	32.99126192	87.49362717	69.47984869	0.018531948	1.841858864	0.004374585	10.33909857	0.000148122	10.37712475	0.000148122	TRUE	S	0.671930938	XMMLSS13_1380
MGTH_J022417.6-041710	36.073132	-4.286096	21720	0.072533726	190.352912	340.0234811	327.6602986	0.26809936	49.82233614	0.078999613	1.697424088	0.020235166	9.770496793	0.01262605	9.802666966	0.01262605	TRUE	S	0.165689145	XMMLSS14_1310
MGTH_J022427.1-043533	36.112831	-4.592608	21555	0.071519123	254.470865	335.033729	322.8483217	0.34113431	53.08225275	0.078129845	1.724949346	0.019693041	9.863097901	0.005645844	9.895277897	0.005645844	TRUE	SM	0.094349374	XMMLSS14_1310
MGTH_J022430.0-043614	36.12500	-4.603864	20708	0.068990995	322.044683	322.6286127	310.8856246	2.389156928	140.8991705	0.075467991	2.148908436	0.015269227	10.67767315	0.000883438	10.70987763	0.000883438	TRUE	S	0.103508962	XMMLSS14_1310
MGTH_J022336.8-042834	35.903494	-4.476246	20759	0.069159166	189.581872	323.452554	311.6801608	0.560568251	57.62591177	0.075646677	1.76061781	0.018680863	10.05013737	0.003690424	10.08234023	0.003690424	TRUE	S	0.1014454	XMMLSS14_1310
MGTH_J022415.6-044153	36.06494	-4.697977	20733	0.068990995	264.458876	322.6286127	310.8856246	1.074831079	87.65968972	0.075467991	1.942799929	0.016889114	10.33076869	0.001633444	10.36297317	0.001633444	TRUE	S	0.086099728	XMMLSS14_1310
MGTH_J022338.7-042431	35.911357	-4.408535	20507	0.068654813	44.953544	320.9820399	309.2978238	0.044889422	15.05728527	0.075110989	1.177746678	0.027728333	8.947398139	0.051224338	8.979605876	0.051224338	TRUE	D	0.112781194	XMMLSS14_1310
MGTH_J022300.8-043408	35.753146	-4.568811	22050	0.073380697	63.378461	344.1937631	331.6820805	0.084206825	42.59664317	0.079687653	1.629375376	0.021263857	9.277459036	0.023685349	9.309621011	0.023685349	FALSE	D	0.097558074	XMMLSS14_1310
MGTH_J022236.8-043432	35.653355	-4.575558	20834	0.069495666	192.19378	325.1017478	313.270506	0.158113626	34.48919323	0.076004422	1.537683035	0.021490385	9.504625543	0.012940326	9.536825135	0.012940326	TRUE	D	0.100318971	XMMLSS14_1310
MGTH_J022532.9-045733	36.38691	-4.959072	20986	0.069832378	162.885533	326.7526914	314.86255	0.290766999	43.68283651	0.07636266	1.640310831	0.020240771	9.773330942	0.010364534	9.805527273	0.010364534	TRUE	SM	0.14774213	XMMLSS14_1310
MGTH_J022316.3-052307	35.817838	-5.385289	20721	0.069495666	88.491597	325.1017478	313.270506	0.496128284	60.4006306	0.076004422	1.781041473	0.018553976	10.00125023	0.005712337	10.03344982	0.005712337	FALSE	S	0.138955686	XMMLSS14_1310
MGTH_J022214.0-045023	35.558235	-4.839604	21961	0.073380697	127.951889	344.1937631	331.6820805	0.133978776	29.47804471	0.079687653	1.469498673	0.023577296	9.479147749	0.010873096	9.511309724	0.010873096	TRUE	SM	0.071256646	XMMLSS14_1310
MGTH_J022056.9-045917	35.237121	-4.988159	22686	0.075589095	50.11867	355.0884535	342.1891598	0.059074015	25.76608974	0.081858365	1.411048515	0.025222799	9.148811487	0.053817988	9.180952093	0.053817988	TRUE	N	0.155237086	XMMLSS14_1310
MGTH_J022307.6-052904	35.78154	-5.484449	20935	0.069159166	415.916804	323.452554	311.6801608	1.489737816	97.84739507	0.075646677	1.990549268	0.016523007	10.47461872	0.002690691	10.50682157	0.002690691	TRUE	S	0.196562778	XMMLSS14_1310
MGTH_J022339.8-042259	35.915996	-4.383158	20708	0.068822877	131.135059	321.8051081	310.0915124	0.182575696	26.25759644	0.075289428	1.419254969	0.02306459	9.558786528	0.012633907	9.590992637	0.012633907	FALSE	ET	0.11312729	XMMLSS14_1310
MGTH_J022511.5-042047	36.297918	-4.346308	20607	0.068822877	98.013407	321.8051081	310.0915124	0.196164742	31.83135998	0.075289428	1.502855194	0.021781562	9.589964513	0.022487184	9.622170622	0.022487184	TRUE	SM	0.216342966	XMMLSS14_1310
MGTH_J022225.0-043108	35.60413	-4.518977	20721	0.068990995	469.415686	322.6286127	310.8856246	0.169305348	38.00360392	0.075467991	1.579824783	0.020769499	9.528099151	0.011850606	9.560303631	0.011850606	FALSE	Irr	0.098393958	XMMLSS14_1310
MGTH_J022444.3-042845	36.184586	-4.479208	23633	0.078832331	167.488208	371.143378	357.6737724	0.29300657	54.24531283	0.086153829	1.734362218	0.021597672	9.880118929	0.00870363	9.912228171	0.00870363	TRUE	S	0.124203998	XMMLSS14_1310
MGTH_J022322.2-041956	35.842511	-4.332192	22840	0.076100017	98.043986	357.6133146	344.6242612	0.219646686	47.01626988	0.082390312	1.672248171	0.021421387	9.72488636	0.013587876	9.757022024	0.013587876	TRUE	Irr	0.145670499	XMMLSS14_1310
MGTH_J022204.6-042017	35.519327	-4.338075	24896	0.082785616	-99	390.801541	376.6350617	0.261396512	42.31275013	0.091150647	1.626471253	0.024366072	9.872231612	0.011333837	9.904302653	0.011333837	TRUE	SM	0.143959961	XMMLSS14_1310
MGTH_J022422.4-052604	36.093276	-5.43439	22801	0.075929656	161.807513	356.771247	343.8121265	0.854310164	88.92962416	0.082218265	1.949046457	0.0183408	10.31286548	0.004261572	10.3450028	0.004261572	TRUE	SM	0.177721324	XMMLSS14_1310
MGTH_J022357.0-051918	35.987689	-5.321673	22776	0.075929656	45.043768	356.771247	343.8121265	0.196306338	47.67130128	0.082218265	1.678257007	0.021300118	9.674184232	0.01249623	9.706321543	0.01249623	TRUE	D	0.119747772	XMMLSS14_1310
MGTH_J022509.0-051228	36.287526	-5.207728	24638	0.082096008	101.790865	387.3654206	373.3206369	0.510844165	79.47302798	0.090391129	1.90021976	0.020682077	10.15609613	0.005968095	10.18817383	0.005968095	TRUE	SM	0.14818551	XMMLSS14_1310
MGTH_J022405.7-051120	36.023851	-5.188827	23646	0.078832331	92.554525	371.143378	357.6737724	0.12515895	37.00068129	0.086153829	1.568209721	0.023885955	9.51070348	0.014826199	9.542812722	0.014826199	TRUE	Irr	0.090375258	XMMLSS14_1310
MGTH_J022504.2-051611	36.267595	-5.269731	23274	0.07746485	96.702279	364.3659892	351.1370048	0.330772915	67.39040232	0.084200258	1.828598049	0.02002015	9.917852205	0.010841085	9.949974669	0.010841085	TRUE	S	0.174835204	XMMLSS14_1310
MGTH_J022523.2-051252	36.346474	-5.214573	23210	0.077294057	90.34515	363.5203338	350.3213863	0.236978075	48.87106864	0.083969275	1.689051836	0.021614719	9.771148227	0.016142078	9.803272343	0.016142078	TRUE	S	0.186531593	XMMLSS14_1310
MGTH_J022454.9-052548	36.228615	-5.429987	24354	0.081235232	92.711399	383.0805472	369.1875863	0.151850648	44.35785482	0.089444437	1.646970535	0.023612375	9.620245737	0.032417301	9.652331756	0.032417301	TRUE	S	0.239343148	XMMLSS14_1310
MGTH_J022332.2-044928	35.88422	-4.824316	13417	0.04467332	91.479922	205.3732368	197.8443092	0.271929581	31.31797877	0.048774708	1.495793725	0.014177353	9.361317858	0.00483587	9.393758429	0.00483587	TRUE	D	0.065886215	XMMLSS14_1330
MGTH_J022403.8-043305	36.015709	-4.551407	13248	0.044191799	249.746511	203.089647	195.6433801	2.604081638	68.10739498	0.048312798	1.833194269	0.01145845	10.33319964	0.000784343	10.3656449	0.000784343	TRUE	S	0.102378112	XMMLSS14_1330
MGTH_J022411.5-044745	36.047877	-4.795788	13321	0.044512764	119.470976	204.6116397	197.1102776	0.147410705	21.26642397	0.048614757	1.327694468	0.015919966	9.092295346	0.010539467	9.124737478	0.010539467	TRUE	S	0.077852423	XMMLSS14_1330
MGTH_J022357.1-044357	35.987809	-4.73256	13128	0.043871031	44.759043	201.5692547	194.1780352	0.759664884	43.21786574	0.048003276	1.635663316	0.012759955	9.791903851	0.002076229	9.824352227	0.002076229	TRUE	S	0.079079805	XMMLSS14_1330
MGTH_J022455.3-041735	36.230625	-4.293126	13212	0.04403139	312.926754	202.329251	194.9105137	2.512866417	90.39826444	0.048154602	1.956160093	0.010703001	10.31458811	0.002469736	10.34703492	0.002469736	TRUE	S	0.311119504	XMMLSS14_1330
MGTH_J022429.6-044037	36.123419	-4.676868	13224	0.04403139	207.836805	202.329251	194.9105137	0.521654835	40.18272517	0.048154602	1.604039387	0.013052537	9.631801943	0.003775511	9.664248758	0.003775511	TRUE	S	0.098733913	XMMLSS14_1330
MGTH_J022438.7-043418	36.161223	-4.571684	13116	0.04371072	236.707204	200.8096581	193.4459444	1.228641934	64.67066982	0.04785161	1.810707359	0.011490011	9.99755959	0.002026334	10.03000952	0.002026334	TRUE	S	0.124843424	XMMLSS14_1330
MGTH_J022417.0-045642	36.070928	-4.945053	13080	0.04355046	49.03504	200.0504609	192.7142411	0.057142239	9.926596266	0.047698553	0.996800359	0.02080507	8.661933247	0.027722847	8.694384742	0.027722847	TRUE	D	0.079448438	XMMLSS14_1330
MGTH_J022325.5-041753	35.856409	-4.297968	12972	0.043230086	270.857453	198.5332638	191.251996	1.480098416	62.94930212	0.047399324	1.79899092	0.011455534	10.06891763	0.003137904	10.10137224	0.003137904	TRUE	S	0.232992863	XMMLSS14_1330
MGTH_J022443.4-045158	36.180891	-4.866001	12278	0.040993726	102.892003	187.9610378	181.0629728	0.153415713	23.22431685	0.045252838	1.365942948	0.014404077	9.0388082	0.012604565	9.071284575	0.012604565	TRUE	D	0.097199825	XMMLSS14_1330
MGTH_J022522.7-045519	36.344517	-4.922065	11028	0.036864418	179.012872	168.5253627	162.3330622	0.856583537	40.84395524	0.041493531	1.611127792	0.011197539	9.69431503	0.003378388	9.726831608	0.003378388	TRUE	SM	0.145996133	XMMLSS14_1330
MGTH_J022447.5-044645	36.19811	-4.779217	9800	0.032610821	176.299089	148.6209084	143.1531485	3.345674844	68.35026264	0.03779629	1.834740188	0.008956674	10.18038748	0.000628278	10.2129455	0.000628278	TRUE	S	0.106453871	XMMLSS14_1330
MGTH_J022444.4-043351	36.185148	-4.564258	8979	0.029483188	377.605599	134.0609018	129.1242728	0.687412248	33.31874956	0.035069009	1.522688694	0.010013468	9.406169812	0.003798753	9.438758308	0.003798753	TRUE	S	0.132444179	XMMLSS14_1330
MGTH_J022402.8-040935	36.01172	-4.159706	10035	0.033395889	179.329156	152.2856873	146.684392	3.090725758	67.55624588	0.038493182	1.829665508	0.009147118	10.16647011	0.001895379	10.19902047	0.001895379	TRUE	S	0.296464992	XMMLSS14_1330
MGTH_J022212.3-044252	35.551300	-4.714386	13297	0.044191799	161.123975	203.089647	195.6433801	0.192735141	21.70887342	0.048312798	1.336637286	0.015715231	9.202505952	0.008260917	9.234951207	0.008260917	TRUE	S	0.079805992	XMMLSS14_1330
MGTH_J022412.6-045953	36.052606	-4.998188	12134	0.040356308	241.649213	184.9536311	178.1646636	1.227129434	51.71332065	0.044649435	1.713602426	0.011328647	9.928344594	0.001271209	9.960827174	0.001271209	TRUE	S	0.078454884	XMMLSS14_1330
MGTH_J022419.1-050041	36.079758	-5.011483	12098	0.040515589	126.41057	185.7048903	178.8886661	0.383408952	25.81169108	0.044800015	1.411816459	0.0137966	9.426506003	0.00435313	9.458987033	0.00435313	TRUE	ET	0.083929613	XMMLSS14_1330
MGTH_J022256.0-051359	35.733319	-5.233186	13393	0.04467332	102.746271	205.3732368	197.8443092	0.477244576	38.28455132	0.048774708	1.583023562	0.013396133	9.605602406	0.003912959	9.638042976	0.003912959	TRUE	SM	0.093564231	XMMLSS14_1330
MGTH_J022233.1-054249	35.638105	-5.71369	9859	0.032767739	44	149.3530959	143.8586521	2.706939965	50.21674503	0.037935212	1.700848559	0.00969726	10.09252056	0.006146626	10.12507704	0.006146626	TRUE	SM	0.842518141	XMMLSS14_1330
MGTH_J022344.3-042752	35.934551	-4.464432	18319	0.060981344	95.455165	283.5921696	273.2455953	0.360450882	47.16025234	0.066128143	1.67357612	0.017179599	9.750712224	0.006878133	9.782994354	0.006878133	TRUE	D	0.122502266	XMMLSS14_1330
MGTH_J022547.3-044811	36.446982	-4.803172	18468	0.061478479	51.057987	286.0032437	275.5702339	0.280042392	48.57356945	0.066722888	1.686400019	0.017202295	9.648041288	0.015961779	9.680318596	0.015961779	TRUE	Irr	0.220776706	XMMLSS14_1330
MGTH_J022504.9-044225	36.270493	-4.707007	16002	0.053254033	203.220305	246.3171751	237.3100438	0.61829579	53.42169445	0.057554433	1.727717659	0.014483655	9.868937553	0.004786285	9.901294704	0.004786285	TRUE	S	0.147178713	XMMLSS14_1330
MGTH_J022405.8-041444	36.023986	-4.245634	18468	0.061478479	204.764075	286.0032437	275.5702339	0.554273493	56.94778306	0.066722888	1.755476822	0.016525397	9.944541619	0.009860344	9.976818927	0.009860344	TRUE	SM	0.2699382	XMMLSS14_1330
MGTH_J022512.4-040915	36.301581	-4.154155	18754	0.062474147	92.978205	290.8368843	280.2306659	0.604022172	48.08743375	0.06792703	1.682031601	0.017558226	9.995622741	0.018237432	10.02789039	0.018237432	TRUE	SM	0.543633817	XMMLSS14_1330
MGTH_J022528.9-050236	36.370351	-5.043426	18369	0.060815736	278.170231	282.7893279	272.4715404	0.430649939	39.83513848	0.065931601	1.600266331	0.017913214	9.825662063	0.008223652	9.857945801	0.008223652	TRUE	S	0.17501545	XMMLSS14_1330
MGTH_J022538.4-050810	36.409883	-5.136023	18232	0.06065018	55.537588	281.9869105	271.6978975	0.138721222	24.69385103	0.065735493	1.392588824	0.020523394	9.331346407	0.032546171	9.363631751	0.032546171	TRUE	ET	0.223146392	XMMLSS14_1330
MGTH_J022536.4-050012	36.401768	-5.003312	16161	0.053907358	253.360989	249.4539512	240.3338728	1.453946224	68.02242919	0.05824311	1.832652137	0.013817729	10.25074873	0.002715993	10.28309953	0.002715993	TRUE	SM	0.196284465	XMMLSS14_1330
MGTH_J022533.7-045819	36.390593	-4.971898	16014	0.053416507	130.797972	247.0969985	238.0617839	0.217945053	31.54655597	0.057725587	1.498951953	0.016743753	9.418701431	0.016999679	9.451057004	0.016999679	TRUE	SM	0.184237308	XMMLSS14_1330
MGTH_J022520.8-050137	36.336759	-5.02687	16075	0.053580594	93.355985	247.8847357	238.8211554	0.291159278	37.98395017	0.057898499	1.579600128	0.015936477	9.547115984	0.011862837	9.579469963	0.011862837	TRUE	S	0.171731009	XMMLSS14_1330
MGTH_J022541.9-051835	36.424422	-5.309678	16149	0.053580594	117.825433	247.8847357	238.8211554	0.413566911	46.7062421	0.057898499	1.669374926	0.015079453	9.699531134	0.016799219	9.731885113	0.016799219	TRUE	S	0.345433461	XMMLSS14_1330
MGTH_J022456.0-051918	36.233412	-5.321557	16075	0.053416507	178.291962	247.0969985	238.0617839	0.782086762	59.63671961	0.057725587	1.775513747	0.014135673	9.973609349	0.005116378	10.00596492	0.005116378	TRUE	S	0.198979079	XMMLSS14_1330
MGTH_J022506.4-052105	36.276752	-5.35132	15990	0.053254033	217.5525	246.3171751	237.3100438	0.261435811	42.41266761	0.057554433	1.627495589	0.015375566	9.495106339	0.019394231	9.527463491	0.019394231	TRUE	S	0.252166743	XMMLSS14_1330
MGTH_J022537.3-052542	36.405312	-5.428272	16467	0.054888084	293.709779	254.167778	244.8780469	0.805903705	31.31397262	0.05928716	1.495738167	0.017233649	10.00994537	0.011559028	10.04228665	0.011559028	TRUE	S	0.462649309	XMMLSS14_1330
MGTH_J022358.3-050756	35.992999	-5.132353	15696	0.052275563	123.345653	241.6244033	232.7863257	0.136474096	20.38445055	0.056525145	1.30929901	0.018770464	9.196881474	0.012421086	9.229248131	0.012421086	TRUE	D	0.084376623	XMMLSS14_1330
MGTH_J022628.5-050905	36.618564	-5.151401	15062	0.04999952	93.90681	230.7321664	222.2868415	0.513930112	49.07194417	0.054175476	1.690833265	0.013930738	9.73452866	0.025090673	9.766917437	0.025090673	TRUE	S	0.643095408	XMMLSS14_1330
MGTH_J022058.7-051320	35.244692	-5.222278	19503	0.06497071	113.813296	302.9844466	291.9433686	0.208408053	30.47129445	0.070887258	1.483890904	0.020770089	9.567011684	0.03020142	9.599255125	0.03020142	TRUE	D	0.310046731	XMMLSS14_1330
MGTH_J022611.0-044104	36.545891	-4.684481	16406	0.054722806	137.830706	253.3729445	244.1118131	0.364153352	41.12566775	0.059110827	1.614112963	0.015922281	9.662360517	0.02059258	9.694703402	0.02059258	TRUE	S	0.372479815	XMMLSS14_1330
MGTH_J022702.5-043531	36.760353	-4.592071	9002	0.029951236	44	136.2357134	131.2196888	0.367955738	27.26845362	0.035471817	1.43566051	0.010742462	9.148335547	0.076962689	9.18091948	0.076962689	TRUE	S	1.436010298	XMMLSS14_1330
MGTH_J022555.1-043544	36.479766	-4.595673	9002	0.029637664	465.70501	134.7785241	129.8156945	0.427035174	26.28211966	0.035201733	1.419660388	0.010780819	9.203924496	0.012980612	9.236511486	0.012980612	TRUE	ET	0.281126901	XMMLSS14_1330
MGTH_J022405.0-044647	36.020706	-4.779847	13248	0.044193334	193.990661	203.0969255	195.6503951	0.060856753	13.00636022	0.048314255	1.114155778	0.018853915	8.701883688	0.02607327	8.734328928	0.02607327	TRUE	ET	0.079533597	XMMLSS14_1330
MGTH_J022603.6-044747	36.514823	-4.796272	16553	0.0548873	50.665854	254.16401	244.8744145	0.074777681	21.67899508	0.059286378	1.336039147	0.019293361	8.977421972	0.07668884	9.009763259	0.07668884	TRUE	ET	0.284807628	XMMLSS14_1330
MGTH_J022511.0-045455	36.295848	-4.915218	16529	0.0548873	65.197906	254.16401	244.8744145	0.132735114	7.529816858	0.059286378	0.876784413	0.029399115	9.226635807	0.020332383	9.258977093	0.020332383	TRUE	SM	0.134036034	XMMLSS14_1330
MGTH_J022402.6-044136	36.011009	-4.693417	13008	0.043390248	62.775254	199.2916629	191.9829251	2.502331691	93.49125445	0.047553969	1.970770987	0.010491142	10.30015182	0.000714908	10.33260488	0.000714908	TRUE	SM	0.089731784	XMMLSS14_1330
MGTH_J022350.6-045045	35.960948	-4.845838	13200	0.04403139	122.301016	202.329251	194.9105137	1.860478099	69.01686695	0.048154602	1.83895524	0.011385151	10.18404327	0.000785495	10.21649008	0.000785495	TRUE	S	0.073261371	XMMLSS14_1330
MGTH_J022244.3-035807	35.684684	-3.968548	2318	0.007657249	109.322689	34.25775408	32.98816421	21.09494959	36.554023	0.019609852	1.562935181	0.005455135	9.726444406	0.000978249	9.759245886	0.000978249	TRUE	SM	1.069932912	XMMLSS14_1380
MGTH_J022403.0-043422	36.012374	-4.572915	6139	0.020363914	85.98349	91.97603138	88.58005606	0.515360663	19.14324036	0.027212817	1.282015452	0.009228952	8.961448272	0.00337151	8.994125703	0.00337151	TRUE	ET	0.088996433	XMMLSS14_1380
MGTH_J022556.7-041857	36.486092	-4.315831	5589	0.018376261	227.279453	82.87625117	79.81447926	0.448368081	18.55822916	0.025682415	1.268536533	0.00880248	8.812156809	0.024617292	8.844853636	0.024617292	TRUE	S	0.566403797	XMMLSS14_1380
MGTH_J022321.6-043059	35.83982	-4.516511	5258	0.017614569	88.112883	79.3960727	76.46221777	0.501317663	14.65948536	0.025142237	1.166118724	0.00937418	8.824015442	0.003528089	8.856719702	0.003528089	TRUE	SM	0.09082751	XMMLSS14_1380
MGTH_J022325.3-053839	35.85555	-5.644269	5692	0.018986291	71.373277	85.6662644	82.50198396	0.212812763	11.65645991	0.026147114	1.066566674	0.01065879	8.516765059	0.03824027	8.549455933	0.03824027	TRUE	D	0.417367924	XMMLSS14_1380
MGTH_J095907.8+024213	149.782441	2.703669	23835	0.079075747	309.889419	372.3509955	358.8385349	0.453964315	86.27768782	0.101449984	1.935898498	0.022784608	10.07289129	0.003543273	10.10499818	0.003543273	FALSE	SM	0.078317917	COSMOS_1310
MGTH_J095945.1+023510	149.93777	2.586154	23783	0.079418519	63.984876	374.0521523	360.4793325	0.086335518	35.86446344	0.102007178	1.554664338	0.028527667	9.355745798	0.012193261	9.387849373	0.012193261	FALSE	SM	0.05124213	COSMOS_1310
MGTH_J100016.3+022528	150.067715	2.424341	24905	0.083376109	-99	393.7461404	379.4754115	0.148049501	31.50359165	0.107499896	1.49836007	0.031193494	9.631391005	0.005731857	9.663456344	0.005731857	FALSE	D	0.041223451	COSMOS_1310
MGTH_J100028.4+024112	150.118449	2.686586	22351	0.074299692	71.813001	348.7237443	336.0508346	0.207932078	54.90424724	0.094145057	1.739605942	0.023529831	9.680655833	0.006020444	9.712808915	0.006020444	FALSE	SM	0.061182507	COSMOS_1310
MGTH_J100115.5+022858	150.314539	2.482840	22491	0.074809389	93.278844	351.2384543	338.4760798	0.023803616	11.31158851	0.094872219	1.053523598	0.039153172	8.745211281	0.042156937	8.777359431	0.042156937	TRUE	ET	0.049024456	COSMOS_1310
MGTH_J100222.8+024519	150.595055	2.755408	21728	0.07226573	247.327515	338.7048656	326.3886528	0.461313722	59.96979996	0.089556307	1.7779326	0.02190045	10.00303691	0.006689353	10.03520968	0.006689353	TRUE	Irr	0.151065265	COSMOS_1310
MGTH_J100103.7+023053	150.265417	2.514789	21538	0.071927484	233.450917	337.0412482	324.7843044	0.454442727	71.34664795	0.089101441	1.853373574	0.020902293	9.992513697	0.002213706	10.02468974	0.002213706	TRUE	S	0.049260781	COSMOS_1310
MGTH_J100223.7+024027	150.598862	2.674246	20477	0.068388751	90.192157	319.6794128	308.0417001	0.183605152	41.15447829	0.086537049	1.614417101	0.023305504	9.555820559	0.013294447	9.588030873	0.013294447	TRUE	S	0.119866843	COSMOS_1310
MGTH_J100129.9+021705	150.374764	2.284714	22580	0.07565996	252.017544	355.4385527	342.5268112	0.254179534	55.52109688	0.096107503	1.744458037	0.023953497	9.783355002	0.003541969	9.815494923	0.003541969	TRUE	S	0.043953377	COSMOS_1310
MGTH_J095959.9+015913	149.999505	1.986945	24079	0.080276403	138.665789	378.312971	364.589024	0.272647599	48.25066901	0.103400779	1.683503339	0.026704349	9.864314363	0.00313908	9.896409647	0.00313908	TRUE	S	0.041632227	COSMOS_1310
MGTH_J095954.5+020017	149.977184	2.004803	23373	0.077877757	137.153648	366.4111757	353.1095601	0.168876737	49.34135371	0.099506766	1.69321106	0.02555134	9.630425046	0.005095577	9.662543517	0.005095577	TRUE	S	0.041937996	COSMOS_1310
MGTH_J100107.1+015416	150.279441	1.904478	23206	0.077535962	178.945732	364.718141	351.4766493	0.291276356	65.11287124	0.098952978	1.813666847	0.023721575	9.863409927	0.003531612	9.895531703	0.003531612	TRUE	S	0.050146403	COSMOS_1310
MGTH_J100011.7+020441	150.048774	2.077952	23360	0.077535962	63.987169	364.718141	351.4766493	0.066736292	27.59207656	0.098952978	1.440784386	0.029860841	9.223466765	0.011645533	9.255588541	0.011645533	TRUE	D	0.037886377	COSMOS_1310
MGTH_J095914.9+014911	149.812229	1.819601	23745	0.079075747	91.160801	372.3509955	358.8385349	0.164376024	44.43966885	0.101449984	1.647770814	0.026768704	9.631708044	0.007974483	9.663814933	0.007974483	TRUE	D	0.063822786	COSMOS_1310
MGTH_J100103.7+013055	150.26522	1.515149	24530	0.081651858	96.637396	385.1539039	371.18747	0.268512048	64.64112875	0.105275814	1.810508931	0.025281341	9.872150678	0.009888816	9.904232671	0.009888816	TRUE	S	0.129074899	COSMOS_1310
MGTH_J100218.5+014542	150.576952	1.761712	24505	0.081135652	111.151525	382.5851402	368.7097376	0.1966901	51.82255702	0.104611336	1.714518838	0.026528253	9.731566623	0.011096619	9.763653604	0.011096619	TRUE	S	0.106119317	COSMOS_1310
MGTH_J095920.5+024626	149.835239	2.773901	23398	0.077365146	156.918271	363.8722985	350.6608491	0.131614359	37.69924671	0.098677609	1.576332672	0.027217166	9.516527277	0.014198899	9.548650705	0.014198899	TRUE	S	0.091112545	COSMOS_1310
MGTH_J095901.7+023700	149.757213	2.616789	23565	0.078561997	54.869233	369.8026508	356.3806308	0.074984624	37.80726121	0.100611366	1.577575218	0.027728676	9.285285463	0.019599565	9.317397318	0.019599565	TRUE	S	0.071586135	COSMOS_1310
MGTH_J100006.3+023808	150.0262	2.635676	18849	0.062707852	213.997723	291.9723521	281.3254596	0.068904074	15.79630018	0.080572663	1.198555378	0.02922818	9.056010482	0.016565858	9.088275865	0.016565858	TRUE	ET	0.056299584	COSMOS_1310
MGTH_J100143.7+021953	150.43203	2.331279	18588	0.062043573	90.895991	288.7458206	278.2145212	0.095988835	20.38129809	0.079759794	1.309231841	0.026487418	9.190870925	0.010703433	9.22314275	0.010703433	FALSE	S	0.050688497	COSMOS_1310
MGTH_J100148.9+022630	150.453582	2.441562	18662	0.062043573	82.429746	288.7458206	278.2145212	0.143551535	30.20043439	0.079759794	1.48001319	0.023430988	9.365658043	0.008238791	9.397929869	0.008238791	FALSE	S	0.058349472	COSMOS_1310
MGTH_J100206.3+022053	150.526091	2.348021	18700	0.062043573	44	288.7458206	278.2145212	0.050942137	21.53916576	0.079759794	1.333228878	0.026010666	8.915727359	0.024257951	8.947999185	0.024257951	FALSE	S	0.060967288	COSMOS_1310
MGTH_J100217.9+015124	150.574384	1.856795	18799	0.062375609	254.170715	290.3582328	279.769162	0.484035245	62.27406747	0.080165927	1.794307233	0.019425186	9.898095774	0.003787128	9.930364379	0.003787128	TRUE	S	0.090425926	COSMOS_1310
MGTH_J100212.7+015100	150.552889	1.850084	18849	0.062707852	123.794054	291.9723521	281.3254596	0.096795067	27.50809197	0.080572663	1.439460468	0.024336613	9.203618807	0.018986907	9.23588419	0.018986907	TRUE	Irr	0.090647077	COSMOS_1310
MGTH_J100117.1+020337	150.321183	2.060275	18451	0.061545909	181.511418	286.3303983	275.8856622	0.171301511	32.48411949	0.079151731	1.511671099	0.022765399	9.435517179	0.005217503	9.467793833	0.005217503	TRUE	ET	0.0441041	COSMOS_1310
MGTH_J100003.9+015253	150.016264	1.881498	19561	0.065206314	189.860232	304.1328565	293.0506998	0.293635795	37.02254027	0.083245605	1.568466214	0.023075882	9.719002344	0.00335989	9.7512435	0.00335989	TRUE	S	0.048574246	COSMOS_1310
MGTH_J095755.9+022608	149.482923	2.435629	21424	0.071251634	71.567956	333.7193051	321.5807455	0.250956695	30.07564519	0.088206295	1.478214953	0.025943834	9.726571153	0.008788042	9.758753739	0.008788042	TRUE	SM	0.108051094	COSMOS_1310
MGTH_J100031.4+022553	150.130722	2.431341	24247	0.081135652	182.412395	382.5851402	368.7097376	0.042855473	20.13799415	0.104611336	1.30401621	0.034879313	9.069790417	0.019590809	9.101877398	0.019590809	FALSE	SM	0.040820651	COSMOS_1310
MGTH_J100121.2+024714	150.338308	2.787292	21893	0.072942861	97.796432	342.0374029	329.6024973	0.141864324	30.59358549	0.090473305	1.485630378	0.026477797	9.498876278	0.013904252	9.531042491	0.013904252	TRUE	S	0.096509294	COSMOS_1310
MGTH_J100002.4+023522	150.009811	2.589387	23693	0.078561997	438.769054	369.8026508	356.3806308	0.077381351	30.99784202	0.100611366	1.491331461	0.029332226	9.298949553	0.013361603	9.331061409	0.013361603	FALSE	S	0.050362252	COSMOS_1310
MGTH_J095957.4+015914	149.989062	1.987268	24066	0.079418519	138.310911	374.0521523	360.4793325	0.050660644	134.5302947	0.102007178	2.128820094	0.020833582	9.124227006	0.017020056	9.156330581	0.017020056	FALSE	SM	0.041971016	COSMOS_1310
MGTH_J100031.3+020752	150.1305	2.131027	23501	0.078219768	181.496091	368.1060116	354.7442199	0.048017404	29.79512037	0.100058312	1.474145144	0.029511079	9.087990038	0.015693432	9.120105203	0.015693432	TRUE	S	0.036715034	COSMOS_1310
MGTH_J095923.2+024137	149.846692	2.693685	14281	0.047636705	228.339796	219.4598656	211.4215413	0.248197772	26.05274047	0.05942895	1.415853413	0.01824954	9.376850222	0.006022028	9.409261971	0.006022028	TRUE	SM	0.074686966	COSMOS_1330
MGTH_J100143.2+024109	150.430155	2.685806	14100	0.046991129	183.626062	216.3862564	208.4590049	0.821155076	59.76368449	0.058685164	1.776437364	0.014363179	9.884755785	0.00223503	9.917173811	0.00223503	TRUE	S	0.091760513	COSMOS_1330
MGTH_J100009.3+024247	150.038618	2.713136	9795	0.032672382	177.072018	148.9081324	143.4299046	0.966778391	44.15236317	0.043203476	1.644953953	0.011419237	9.642856515	0.001440031	9.67541393	0.001440031	TRUE	SM	0.070495294	COSMOS_1330
MGTH_J095901.7+023300	149.756951	2.549942	8682	0.028920153	156.135103	131.4466394	126.6054774	0.349772485	21.11394229	0.039627207	1.32456933	0.013007413	9.096102573	0.003714796	9.128696557	0.003714796	TRUE	D	0.066018708	COSMOS_1330
MGTH_J100313.9+022031	150.807844	2.341862	11641	0.038987284	175.000118	178.5033435	171.948504	0.42154341	35.10801369	0.049769913	1.545406259	0.014002203	9.434593929	0.007830377	9.467089836	0.007830377	TRUE	S	0.166197555	COSMOS_1330
MGTH_J100041.1+022446	150.171143	2.412895	14100	0.046991129	65.7126	216.3862564	208.4590049	0.190236131	21.60446148	0.058685164	1.334543445	0.019119114	9.249623607	0.004306326	9.282041633	0.004306326	TRUE	D	0.040958793	COSMOS_1330
MGTH_J100137.1+020624	150.404485	2.106620	13388	0.044577288	64.533841	204.917688	197.4052484	0.054469804	8.394441244	0.055940811	0.923991794	0.026322844	8.661167334	0.017961666	8.693608839	0.017961666	TRUE	ET	0.049018775	COSMOS_1330
MGTH_J100055.2+022344	150.230087	2.395457	13328	0.044256283	231.426015	203.3953735	195.9380386	0.413013398	35.97747821	0.055579648	1.556030719	0.01552994	9.534762746	0.002007836	9.567207373	0.002007836	TRUE	S	0.041559875	COSMOS_1330
MGTH_J100115.2+021823	150.313451	2.306401	8612	0.02845304	163.045308	129.2793445	124.5173509	0.645757911	30.91415574	0.039199054	1.490157391	0.011437092	9.348335833	0.001342414	9.380934371	0.001342414	TRUE	S	0.044064478	COSMOS_1330
MGTH_J095720.6+015507	149.335627	1.918625	9619	0.032045111	195.74656	145.9826151	140.6110255	3.534227322	58.53522355	0.042571617	1.767417281	0.010472569	10.18911116	0.001269344	10.22167468	0.001269344	TRUE	SM	0.227291039	COSMOS_1330
MGTH_J100236.5+014836	150.652261	1.809967	13641	0.045541487	137.319486	209.4942543	201.8162135	0.886184331	58.90356409	0.057029196	1.770141574	0.014007525	9.890928919	0.003091566	9.923361044	0.003091566	TRUE	S	0.137150432	COSMOS_1330
MGTH_J095934.2+013706	149.892392	1.618295	9572	0.031888412	83.665791	145.2521935	139.9072346	0.143193077	17.61510117	0.042416469	1.245885142	0.014802282	8.792512181	0.014327724	8.825077235	0.014327724	TRUE	D	0.10396075	COSMOS_1330
MGTH_J100313.5+015343	150.806308	1.895350	13689	0.045541487	130.124268	209.4942543	201.8162135	0.323226094	36.51436553	0.057029196	1.562463759	0.015869362	9.452911267	0.012944256	9.485343392	0.012944256	TRUE	S	0.209448908	COSMOS_1330
MGTH_J100212.1+030312	150.550541	3.053238	8974	0.029855651	186.352585	135.7914551	130.7916473	0.778459889	30.46391271	0.040444499	1.483785682	0.011851149	9.471018833	0.014696308	9.503603698	0.014696308	TRUE	S	0.580789937	COSMOS_1330
MGTH_J100035.1+011433	150.146449	1.242436	13798	0.046185277	162.310942	212.553336	204.7646549	1.006807239	54.25403331	0.057762367	1.73443203	0.01447971	9.958414396	0.012084949	9.990840259	0.012084949	TRUE	S	0.608754746	COSMOS_1330
MGTH_J100048.1+011414	150.20061	1.237149	13870	0.046185277	73.442786	212.553336	204.7646549	1.620121641	75.74471379	0.057762367	1.879352329	0.013363153	10.16501569	0.007537322	10.19744155	0.007537322	TRUE	S	0.6109644	COSMOS_1330
MGTH_J100259.0+022035	150.746028	2.342968	13292	0.044256283	267.157906	203.3953735	195.9380386	0.930770238	61.88733593	0.055579648	1.791601788	0.013487966	9.887641093	0.002731025	9.920085721	0.002731025	TRUE	SM	0.127394345	COSMOS_1330
MGTH_J100110.7+024956	150.294581	2.832219	17250	0.057416776	44	266.3501722	256.6224338	0.092878647	12.39166974	0.071353523	1.09312983	0.028380225	9.110188012	0.023474847	9.142504737	0.023474847	TRUE	D	0.108043761	COSMOS_1330
MGTH_J100008.1+024554	150.033782	2.765133	8658	0.029075951	272.108844	132.1698278	127.3022534	0.605801368	39.97659908	0.039779641	1.601805845	0.010797498	9.33928286	0.00267413	9.371875326	0.00267413	TRUE	SM	0.082299497	COSMOS_1330
MGTH_J100357.1+022505	150.988075	2.418039	7994	0.026588825	382.401402	120.6441157	116.1977685	1.442644838	25.06684081	0.038537934	1.399099603	0.011976005	9.638937223	0.007153494	9.671553937	0.007153494	TRUE	SM	0.525479044	COSMOS_1330
MGTH_J100352.4+022534	150.968441	2.426136	8064	0.026743918	61.088377	121.3616489	116.8890604	0.365996615	20.60720242	0.038682792	1.314019037	0.012799362	9.048275813	0.021837969	9.080891014	0.021837969	TRUE	SM	0.406916133	COSMOS_1330
MGTH_J100243.1+015944	150.679479	1.995548	18029	0.059890392	103.655006	278.3066109	268.149607	0.19638038	48.5817462	0.074597873	1.686473121	0.019231767	10.04554338	0.002910904	9.503798517	0.010916049	TRUE	D	0.106009622	COSMOS_1330
MGTH_J100122.9+014737	150.345539	1.793541	7495	0.024885888	93.583306	112.7759736	108.6175306	0.218980512	12.74974238	0.037018353	1.105501409	0.014558947	8.763029576	0.006055113	8.795662896	0.006055113	TRUE	Irr	0.067622302	COSMOS_1330
MGTH_J095951.4+014224	149.964278	1.706680	7542	0.025040467	90.70459	113.4893902	109.3048308	0.257780647	15.67351252	0.037144379	1.195166335	0.013512538	8.839222286	0.005500254	8.871854099	0.005500254	TRUE	Irr	0.072299112	COSMOS_1330
MGTH_J095822.5+013505	149.593779	1.584713	8250	0.027364759	66.695312	124.2355387	119.6578716	0.413503644	24.84067877	0.038236165	1.395163459	0.011915751	9.121087845	0.010643949	9.153696993	0.010643949	TRUE	SM	0.223949031	COSMOS_1330
MGTH_J100023.8+022205	150.099013	2.368161	9819	0.032672382	46.215222	148.9081324	143.4299046	0.025826617	24.87919209	0.043203476	1.395836273	0.013457252	8.069597104	0.030608527	8.102154519	0.030608527	FALSE	D	0.040028677	COSMOS_1330
MGTH_J095728.7+030509	149.369742	3.085745	17608	0.0587346	140.889785	272.7151449	262.7588124	4.509840164	111.1749006	0.07307152	2.04600675	0.015527919	10.8158768	0.01090358	10.84818074	0.01090358	TRUE	SM	2.434060269	COSMOS_1330
MGTH_J095727.3+015221	149.363779	1.872430	9854	0.032829318	97.453322	149.6404705	144.1355543	0.450458194	28.18612887	0.043364866	1.450035433	0.013002641	9.315314907	0.010180993	9.347870793	0.010180993	TRUE	S	0.232190337	COSMOS_1330
MGTH_J100236.5+014618	150.652188	1.771678	13569	0.045261425	67.143886	208.1643206	200.5343934	0.142867114	21.93790946	0.056710983	1.34119524	0.01838431	9.09303545	0.019427099	9.125470299	0.019427099	TRUE	D	0.138981373	COSMOS_1330
MGTH_J100031.6+031219	150.131525	3.205297	2167	0.007115686	128.806247	31.8218365	30.64233495	3.441959457	14.99991502	0.022521245	1.176088799	0.008325771	8.875466027	0.004818197	8.908272796	0.004818197	TRUE	S	0.860218006	COSMOS_1380
MGTH_J100222.7+022520	150.594617	2.422255	6422	0.021343395	125.85314	96.4698968	92.90901941	0.398523466	18.40233259	0.032341602	1.264872876	0.01111698	8.890401369	0.004032648	8.923069244	0.004032648	TRUE	S	0.082232146	COSMOS_1380
MGTH_J100153.8+022449	150.474191	2.413661	2055	0.006817289	65.756668	30.48051127	29.35062852	0.257561494	4.448477146	0.022413348	0.648211364	0.015033574	7.712389703	0.004567216	7.745199387	0.004567216	TRUE	ET	0.061034812	COSMOS_1380
MGTH_J100128.0+022025	150.366572	2.340383	2055	0.006817289	44	30.48051127	29.35062852	0.068182583	1.948237131	0.022413348	0.289641816	0.033644775	7.13518222	0.012862971	7.167991904	0.012862971	FALSE	D	0.045505081	COSMOS_1380
MGTH_J095846.8+022051	149.695121	2.347518	1753	0.005774292	119.881986	25.79684409	24.84028893	2.906614681	12.60168433	0.022079122	1.100428596	0.008723527	8.620874974	0.000351515	8.653694845	0.000351515	TRUE	S	0.053066502	COSMOS_1380
MGTH_J095904.3+021516	149.767885	2.254443	7414	0.02457687	92.104034	111.350259	107.2440149	0.224899321	15.07677531	0.035455168	1.178308463	0.013082559	8.763820465	0.004049988	8.796456799	0.004049988	TRUE	Irr	0.046465291	COSMOS_1380
MGTH_J095914.9+021131	149.811985	2.192030	7356	0.02457687	108.913617	111.350259	107.2440149	0.096304874	7.966636103	0.035455168	0.90127498	0.01710387	8.39548059	0.008949428	8.428116924	0.008949428	TRUE	D	0.043967357	COSMOS_1380
MGTH_J095927.9+020025	149.866208	2.006979	3900	0.012970701	86.778544	58.26194269	56.10611091	0.508705161	12.06911453	0.02554125	1.081675409	0.010266381	8.565467994	0.001713603	8.598217585	0.001713603	TRUE	D	0.044960124	COSMOS_1380
MGTH_J100211.2+020118	150.546806	2.021576	6422	0.021343395	104.784185	96.4698968	92.90901941	0.312012956	17.31068036	0.032341602	1.238314137	0.011355411	8.784120097	0.004424655	8.816787972	0.004424655	TRUE	S	0.070639799	COSMOS_1380
MGTH_J100227.1+021000	150.613031	2.166756	1798	0.00592316	57.9442	26.4648961	25.48361203	0.148455268	2.566740993	0.022122794	0.409382047	0.023495427	7.351163255	0.010263312	7.383981673	0.010263312	TRUE	ET	0.079124193	COSMOS_1380
MGTH_J100315.4+020543	150.814329	2.095156	1765	0.005774292	64.779894	25.79684409	24.84028893	1.888998535	9.602616278	0.022079122	0.982389575	0.009771702	8.433719132	0.001920855	8.466539003	0.001920855	TRUE	Irr	0.1884586	COSMOS_1380
MGTH_J100005.8+015440	150.024251	1.911049	1876	0.006221026	86.415204	27.80204265	26.77126859	0.311564271	4.411456793	0.022214644	0.64458203	0.014984192	7.715674061	0.002801812	7.748489569	0.002801812	TRUE	ET	0.045319571	COSMOS_1380
MGTH_J095829.1+014139	149.621203	1.694047	1843	0.006072071	110.093025	27.13329556	26.12727185	9.466614625	21.68997108	0.022168437	1.336258973	0.007213011	9.177299926	0.000263251	9.210116889	0.000263251	TRUE	Irr	0.129397715	COSMOS_1380
MGTH_J100050.5+012008	150.210259	1.335588	6479	0.021343395	95.042515	96.4698968	92.90901941	1.175797842	26.71724727	0.032341602	1.42679171	0.009855374	9.360280129	0.005985831	9.392948004	0.005985831	TRUE	S	0.360125987	COSMOS_1380
MGTH_J100045.9+015151	150.191228	1.864153	8169	0.027209479	63.016313	123.5165022	118.9651219	0.053828395	20.8126327	0.038291878	1.31832702	0.012628614	8.230707987	0.017869002	8.263318649	0.017869002	FALSE	D	0.048976693	COSMOS_1380
MGTH_J100306.5+015019	150.7770	1.838532	4717	0.015695703	44	70.64590073	68.03391641	0.064881076	4.797070722	0.027509952	0.680976121	0.01756427	7.836217046	0.067098735	7.868940035	0.067098735	TRUE	D	0.223949348	COSMOS_1380
MGTH_J100000.6+023759	150.002307	2.633136	7206	0.02411443	60.008644	109.2178841	105.1897291	0.065729726	6.098648537	0.035012618	0.785233606	0.019386431	8.213186807	0.016829666	8.245827651	0.016829666	FALSE	D	0.056456126	COSMOS_1380